m_rx = [-19.37006378173828, -19.069457116315295, -18.778099886751484, -18.495992093046837, -18.223133735201355, -17.959524813215047, -17.705165327087904, -17.460055276819936, -17.22419466241113, -16.997583483861497, -16.780221741171033, -16.572109434339737, -16.37324656336761, -16.183633128254648, -16.003269129000856, -15.832154565606235, -15.670289438070778, -15.516517566912103, -15.363901875235817, -15.211286183559531, -15.058670491883248, -14.906054800206961, -14.753439108530678, -14.600823416854391, -14.44820772517811, -14.295592033501825, -14.142976341825541, -13.99036065014926, -13.83774495847297, -13.685129266796688, -13.532513575120403, -13.379897883444116, -13.227282191767836, -13.074666500091551, -12.922013992558275, -12.769287853311024, -12.616488082349791, -12.46361467967458, -12.310667645285388, -12.15764697918222, -12.004552681365068, -11.851384751833939, -11.69814319058883, -11.544827997629742, -11.391439172956677, -11.237976716569632, -11.084440628468606, -10.9308309086536, -10.777147557124618, -10.623390573881654, -10.469569162888963, -10.315738547932016, -10.161907932975073, -10.008077318018135, -9.85424670306119, -9.700416088104248, -9.546585473147307, -9.392754858190361, -9.238924243233422, -9.085093628276478, -8.931263013319537, -8.777432398362592, -8.62360178340565, -8.469771168448705, -8.315940553491766, -8.162109938534824, -8.00827932357788, -7.854448708620938, -7.700618093663993, -7.546787478707052, -7.3929568637501095, -7.239126248793167, -7.085295633836226, -6.931465018879283, -6.77763440392234, -6.623803788965397, -6.469973174008456, -6.316142559051514, -6.16231194409457, -6.008481329137628, -5.854650714180683, -5.700820099223743, -5.546989484266801, -5.389436494110918, -5.205826877562466, -4.992438259422503, -4.749270639691031, -4.476324018368046, -4.173598395453556, -3.841093770947552, -3.47881014485004, -3.0867475171610206, -2.664905887880486, -2.213285257008447, -1.7318856245448917, -1.220706990489832, -0.6797493548432633, -0.10901271760517861, 0.4915029212244098, 1.1217975616455078]
m_ry = [8.261102676391602, 8.138115736042135, 8.018913009241885, 7.903494495990848, 7.791860196289024, 7.684010110136417, 7.579944237533022, 7.479662578478844, 7.383165132973877, 7.290451901018127, 7.201522882611591, 7.11637807775427, 7.035017486446161, 6.9574411086872665, 6.883648944477585, 6.813640993817121, 6.7474172567058694, 6.684504706450184, 6.6220651828881465, 6.559625659326111, 6.497186135764074, 6.434746612202036, 6.37230708864, 6.309867565077964, 6.247428041515928, 6.184988517953891, 6.122548994391854, 6.060109470829819, 5.997669947267781, 5.935230423705747, 5.872790900143709, 5.810351376581672, 5.747911853019637, 5.6854723294576, 5.623179401722309, 5.561179665640512, 5.499473121212205, 5.43805976843739, 5.376939607316068, 5.316112637848236, 5.255578860033897, 5.195338273873049, 5.135390879365694, 5.075736676511831, 5.01637566531146, 4.95730784576458, 4.898533217871193, 4.8400517816312965, 4.7818635370448925, 4.723968484111981, 4.666329973875874, 4.608728112596454, 4.551126251317033, 4.4935243900376145, 4.435922528758193, 4.378320667478774, 4.320718806199353, 4.263116944919933, 4.205515083640513, 4.147913222361093, 4.090311361081673, 4.032709499802252, 3.9751076385228323, 3.917505777243411, 3.8599039159639914, 3.8023020546845725, 3.7447001934051514, 3.687098332125731, 3.6294964708463104, 3.5718946095668906, 3.5142927482874704, 3.4566908870080506, 3.3990890257286304, 3.3414871644492106, 3.2838853031697894, 3.226283441890369, 3.16868158061095, 3.1110797193315296, 3.0534778580521085, 2.9958759967726887, 2.938274135493268, 2.8806722742138486, 2.8230704129344284, 2.7640377265946516, 2.694989264832383, 2.6144942025872657, 2.5225525398593005, 2.419164276648485, 2.3043294129548233, 2.178047948778312, 2.040319884118953, 1.8911452189767464, 1.730523953351689, 1.5584560872437854, 1.3749416206530314, 1.1799805535794308, 0.973572886022982, 0.7557186179836823, 0.526417749461537, 0.28567028045654297]
